MolmoAct2 Stack Cubes v2 Training Loss
Dataset : subhodipsaha/so101_stack_three_cubes_08_19 (119 episodes, 74,399 frames)
Config  : bs=16, steps=5000, total=1.08 epochs, ~12.3h on Colab L4
Base ckpt: allenai/MolmoAct2-SO100_101 (not v1)

step  | loss  | grad_norm | lr       | epoch
------|-------|-----------|----------|------
  100 | 0.182 | 1.641     | 1.3e-05  | 0.02
  200 | 0.058 | 0.608     | 3.8e-05  | 0.04
  300 | 0.050 | 0.518     | 5.0e-05  | 0.06
  400 | 0.046 | 0.458     | 4.9e-05  | 0.09
  500 | 0.043 | 0.442     | 4.9e-05  | 0.11
  600 | 0.040 | 0.407     | 4.9e-05  | 0.13
  700 | 0.040 | 0.395     | 4.8e-05  | 0.15
  800 | 0.039 | 0.379     | 4.8e-05  | 0.17
  900 | 0.038 | 0.381     | 4.7e-05  | 0.19
 1000 | 0.037 | 0.368     | 4.6e-05  | 0.22
 1100 | 0.035 | 0.365     | 4.5e-05  | 0.24
 1200 | 0.035 | 0.364     | 4.4e-05  | 0.26
 1300 | 0.034 | 0.364     | 4.3e-05  | 0.28
 1400 | 0.035 | 0.370     | 4.2e-05  | 0.30
 1500 | 0.033 | 0.354     | 4.1e-05  | 0.32
 1600 | 0.032 | 0.332     | 4.0e-05  | 0.34
 1700 | 0.033 | 0.366     | 3.9e-05  | 0.37
 1800 | 0.031 | 0.345     | 3.8e-05  | 0.39
 1900 | 0.030 | 0.331     | 3.6e-05  | 0.41
 2000 | 0.030 | 0.344     | 3.5e-05  | 0.43
 2100 | 0.029 | 0.324     | 3.4e-05  | 0.45
 2200 | 0.028 | 0.320     | 3.2e-05  | 0.47
 2300 | 0.029 | 0.332     | 3.1e-05  | 0.49
 2400 | 0.027 | 0.320     | 3.0e-05  | 0.52
 2500 | 0.027 | 0.330     | 2.8e-05  | 0.54
 2600 | 0.026 | 0.328     | 2.7e-05  | 0.56
 2700 | 0.025 | 0.320     | 2.5e-05  | 0.58
 2800 | 0.026 | 0.324     | 2.4e-05  | 0.60
 2900 | 0.025 | 0.323     | 2.3e-05  | 0.62
 3000 | 0.024 | 0.314     | 2.1e-05  | 0.65
 3100 | 0.025 | 0.333     | 2.0e-05  | 0.67
 3200 | 0.025 | 0.331     | 1.9e-05  | 0.69
 3300 | 0.024 | 0.338     | 1.7e-05  | 0.71
 3400 | 0.024 | 0.325     | 1.6e-05  | 0.73
 3500 | 0.022 | 0.320     | 1.5e-05  | 0.75
 3600 | 0.023 | 0.327     | 1.4e-05  | 0.77
 3700 | 0.023 | 0.314     | 1.3e-05  | 0.80
 3800 | 0.022 | 0.318     | 1.2e-05  | 0.82
 3900 | 0.023 | 0.317     | 1.1e-05  | 0.84
 4000 | 0.023 | 0.349     | 9.7e-06  | 0.86
 4100 | 0.022 | 0.312     | 8.9e-06  | 0.88
 4200 | 0.023 | 0.335     | 8.1e-06  | 0.90
 4300 | 0.022 | 0.317     | 7.5e-06  | 0.92
 4400 | 0.023 | 0.333     | 6.9e-06  | 0.95
 4500 | 0.022 | 0.314     | 6.3e-06  | 0.97
 4600 | 0.022 | 0.313     | 5.9e-06  | 0.99
 4700 | 0.022 | 0.325     | 5.5e-06  | 1.01
 4800 | 0.023 | 0.334     | 5.3e-06  | 1.03
 4900 | 0.021 | 0.311     | 5.1e-06  | 1.05
 5000 | 0.021 | 0.310     | 5.0e-06  | 1.08  ← final (saturated ~step 3500)

Notes:
- Loss dropped fast: 0.182 → 0.058 by step 200 (warmup phase)
- Plateau around 0.022-0.025 from step 3000 onwards
- True saturation ~step 3500 (0.022), barely moved to 0.021 by step 5000
- v1 final loss was 0.019 (39 eps, 2500 steps) — v2 at 0.021 is comparable
- v2 has 3x more data (119 vs 39 episodes) — better generalization expected
